  77  84  81  79  74  72  80  78  77  71  76  74  69  67  69  82
  81  82  83  83  86  86  83  83  81  83  83  84  81  83  84  83
  83  79  81  83  87  87  85  85  83  81  84  86  86  86  84  85
  84  86  83  81  81  84  83  83  82  86  87  86  84  85  85  92
  84  61  49  68  58  68  76  72  79  80  71  72  87  78  68  84
  93  38  34  33  34  34  35  34  34  32  31  32  32  32  32  75
  86  34  27  27  26  28  27  27  30  28  27  30  29  23  26  83
  83  82  71  30  28  28  33  38  36  56  45  56  60  56  59  85
  81  79  66  29  24  28  25  80  57  73  53  77  86  85  87  93
  73  83  45  26  24  23  60  66  68  62  76  88  91  88  88  90
  66  61  32  25  30  33  87  83  87  86  88  92  89  88  90  92
  69  61  34  29  33  60  82  86  88  88  88  92  95  92  90  93
  67  67  26  29  29  75  87  88  87  92  91  90  94  94  94  94
  60  84  64  61  47  74  91  88  88  89  90  93  93  94  94  89
  65  89  89  83  82  83  88  87  87  88  91  95  94  95  92  87
  69  92  90  95  92  90  90  89  92  89  94  97  98  95  94  98
  89 100  97  96  90  95  99  93  89  82  95  91  88  83  88  95
 101  97  99  98 100 101 102 101 100 101 101  97  98 100  99  95
  98  99 100 100 101 102 103 102 101 103 102  99  99  99  99 100
  97  99 100 102 102 103 103 104 102 102  99 101 101  99  99 104
 100  75  54  82  74  83  88  84  86  98  86  85  97  86  76 100
 108  38  24  22  22  20  24  25  22  24  24  23  23  25  22  86
 101  30  20  21  21  21  22  22  22  23  23  23  22  24  23  98
  92 101  92  22  20  21  21  31  37  70  48  58  68  64  72 101
  94  99  81  27  21  20  21  95  67  88  63  88 102 101 101 106
  86  98  43  23  22  20  66  72  79  69  85 102 102 104 104 109
  76  72  24  23  22  32  99 102 101 100 104 104 105 105 106 107
  83  62  24  22  22  65 101 102 103 104 105 105 107 107 106 109
  76  79  22  23  20  78 101 103 105 105 106 106 106 107 107 108
  67 105  81  72  50  80 101 104 106 105 105 108 107 108 108 108
  71 103 106 105 104 105 104 104 106 106 105 107 108 108 106 108
  77 110 106 107 107 110 108 102 109 105 111 108 108 108 109 113
 103 116 113 113 108 110 114 107 106 100 112 110 103 101 105 109
 114 115 115 117 120 120 121 119 119 121 118 117 116 117 119 112
 114 114 114 116 117 119 120 119 120 118 119 119 120 120 120 118
 113 116 116 117 116 120 120 120 121 124 121 117 119 121 119 123
 113  85  65  93  87  99 101  95 101 111  99  98 109  98  89 114
 119  48  32  32  33  32  34  34  33  33  31  33  37  37  34 100
 110  41  30  31  31  32  33  32  34  35  35  36  37  36  39 113
 105 117 103  34  32  32  33  46  52  88  64  73  85  82  91 119
 108 117  90  36  32  31  33 109  83 101  79 104 121 124 125 126
  99 115  55  31  32  32  83  94  99  91 107 123 125 124 124 124
  91  83  36  30  33  46 118 122 125 124 123 125 127 127 126 124
  96  79  35  34  36  79 120 122 125 124 124 125 128 128 126 127
  92  96  36  37  36  94 122 123 124 126 127 127 128 129 128 127
  81 123  94  86  67  96 123 125 127 126 125 130 132 132 129 125
  85 120 122 123 123 122 123 123 124 125 126 131 133 132 128 126
  89 123 118 122 122 122 121 117 122 120 123 125 128 125 123 124

  82  83  85  92  84  75  83  85  93  90  92  93  94  89  87  98
  69  84  84  85  68  32  26  59  87  88  90  90  94  94  92  94
  67  83  86  85  78  32  23  56  85  88  88  92  94  94  95  95
  69  81  86  84  87  32  29  60  86  91  89  95  94  93  94  98
  74  84  86  86  72  32  30  56  77  88  92  92  90  93  95  97
  76  83  84  87  71  31  27  45  53  76  88  88  91  90  91  94
  71  83  81  86  80  32  28  56  73  62  86  88  92  89  88  89
  77  81  83  82  79  34  30  36  57  68  87  88  87  88  87  92
  78  83  85  83  72  34  27  38  80  66  83  86  88  88  87  89
  80  83  85  83  76  35  27  33  25  60  87  82  87  91  88  90
  72  86  87  84  68  34  28  28  28  23  33  60  75  74  83  90
  74  86  87  81  58  34  26  28  24  24  30  33  29  47  82  92
  79  83  83  81  68  33  27  30  29  26  25  29  29  61  83  95
  81  83  81  83  49  34  27  71  66  45  32  34  26  64  89  90
  84  82  79  86  61  38  34  82  79  83  61  61  67  84  89  92
  77  81  83  84  84  93  86  83  81  73  66  69  67  60  65  69
  95  95 100 104 100  86  98 101 106 109 107 109 108 108 108 113
  88  99  99  99  76  22  23  72 101 104 106 106 107 108 106 109
  83 100  99  99  86  25  24  64 101 104 105 107 107 108 108 108
  88  98  99 101  97  23  22  68 102 102 105 107 106 107 108 108
  91  97  99 101  85  23  23  58  88 102 104 105 106 108 107 108
  95 101 102  99  86  24  23  48  63  85 104 105 106 105 105 111
  82 101 103 102  98  24  23  70  88  69 100 104 105 105 106 105
  89 100 101 102  86  22  22  37  67  79 101 103 105 106 106 109
  93 101 102 104  84  25  22  31  95  72 102 102 103 104 104 102
  99 102 103 103  88  24  22  21  21  66  99 101 101 101 104 108
  95 101 102 103  83  20  21  21  20  20  32  65  78  80 105 110
  90 100 101 102  74  22  21  20  21  22  22  22  20  50 104 107
  96  98 100 102  82  22  21  22  27  23  23  22  23  72 105 107
  97  99 100 100  54  24  20  92  81  43  24  24  22  81 106 106
 100  97  99  99  75  38  30 101  99  98  72  62  79 105 103 110
  89 101  98  97 100 108 101  92  94  86  76  83  76  67  71  77
 109 112 118 123 114 100 113 119 126 124 124 127 127 125 126 124
 105 119 120 119  89  34  39  91 125 124 126 126 128 129 128 123
 101 117 120 121  98  37  36  82 124 124 127 128 129 132 132 125
 103 116 120 119 109  37  37  85 121 125 127 128 128 132 133 128
 110 117 119 117  98  33  36  73 104 123 125 125 127 130 131 125
 112 118 119 121  99  31  35  64  79 107 123 124 127 125 126 123
 100 121 118 124 111  33  35  88 101  91 124 124 126 126 125 120
 106 119 120 121 101  33  34  52  83  99 125 125 124 127 124 122
 107 119 119 120  95  34  32  46 109  94 122 122 123 125 123 117
 114 121 120 120 101  34  33  33  33  83 118 120 122 123 123 121
 110 120 119 120  99  32  32  32  31  32  46  79  94  96 122 122
 108 120 117 116  87  33  31  32  32  32  33  36  36  67 123 122
 113 117 116 117  93  32  31  34  36  31  30  34  37  86 123 122
 113 115 114 116  65  32  30 103  90  55  36  35  36  94 122 118
 116 115 114 116  85  48  41 117 117 115  83  79  96 123 120 123
 103 114 114 113 113 119 110 105 108  99  91  96  92  81  85  89

  98  94  95  98  97  94  89  92  89  90  90  92  95  90  92  69
  87  92  95  94  95  91  88  87  87  88  83  82  83  89  89  65
  89  94  94  93  93  90  89  88  88  91  74  47  61  64  84  60
  94  94  94  94  90  91  92  87  88  87  75  29  29  26  67  67
  93  90  92  95  92  88  88  88  86  82  60  33  29  34  61  69
  92  90  88  89  92  88  86  87  83  87  33  30  25  32  61  66
  90  88  88  91  88  76  62  68  66  60  23  24  26  45  83  73
  93  87  85  86  77  53  73  57  80  25  28  24  29  66  79  81
  85  59  56  60  56  45  56  36  38  33  28  28  30  71  82  83
  83  26  23  29  30  27  28  30  27  27  28  26  27  27  34  86
  75  32  32  32  32  31  32  34  34  35  34  34  33  34  38  93
  84  68  78  87  72  71  80  79  72  76  68  58  68  49  61  84
  92  85  85  84  86  87  86  82  83  83  84  81  81  83  86  84
  85  84  86  86  86  84  81  83  85  85  87  87  83  81  79  83
  83  84  83  81  84  83  83  81  83  83  86  86  83  83  82  81
  82  69  67  69  74  76  71  77  78  80  72  74  79  81  84  77
 113 109 108 108 108 111 105 109 102 108 110 107 107 106 110  77
 108 106 108 108 107 105 106 106 104 104 105 104 105 106 103  71
 108 108 108 107 108 105 105 106 104 101  80  50  72  81 105  67
 108 107 107 106 106 106 105 105 103 101  78  20  23  22  79  76
 109 106 107 107 105 105 104 103 102 101  65  22  22  24  62  83
 107 106 105 105 104 104 100 101 102  99  32  22  23  24  72  76
 109 104 104 102 102  85  69  79  72  66  20  22  23  43  98  86
 106 101 101 102  88  63  88  67  95  21  20  21  27  81  99  94
 101  72  64  68  58  48  70  37  31  21  21  20  22  92 101  92
  98  23  24  22  23  23  23  22  22  22  21  21  21  20  30 101
  86  22  25  23  23  24  24  22  25  24  20  22  22  24  38 108
 100  76  86  97  85  86  98  86  84  88  83  74  82  54  75 100
 104  99  99 101 101  99 102 102 104 103 103 102 102 100  99  97
 100  99  99  99  99 102 103 101 102 103 102 101 100 100  99  98
  95  99 100  98  97 101 101 100 101 102 101 100  98  99  97 101
  95  88  83  88  91  95  82  89  93  99  95  90  96  97 100  89
 124 123 125 128 125 123 120 122 117 121 122 122 122 118 123  89
 126 128 132 133 131 126 125 124 123 123 122 123 123 122 120  85
 125 129 132 132 130 125 126 127 125 123  96  67  86  94 123  81
 127 128 129 128 127 127 126 124 123 122  94  36  37  36  96  92
 127 126 128 128 125 124 124 125 122 120  79  36  34  35  79  96
 124 126 127 127 125 123 124 125 122 118  46  33  30  36  83  91
 124 124 124 125 123 107  91  99  94  83  32  32  31  55 115  99
 126 125 124 121 104  79 101  83 109  33  31  32  36  90 117 108
 119  91  82  85  73  64  88  52  46  33  32  32  34 103 117 105
 113  39  36  37  36  35  35  34  32  33  32  31  31  30  41 110
 100  34  37  37  33  31  33  33  34  34  32  33  32  32  48 119
 114  89  98 109  98  99 111 101  95 101  99  87  93  65  85 113
 123 119 121 119 117 121 124 121 120 120 120 116 117 116 116 113
 118 120 120 120 119 119 118 120 119 120 119 117 116 114 114 114
 112 119 117 116 117 118 121 119 119 121 120 120 117 115 115 114
 109 105 101 103 110 112 100 106 107 114 110 108 113 113 116 103

  69  65  60  67  69  66  73  81  83  86  93  84  84  83  81  77
  92  89  84  67  61  61  83  79  82  34  38  61  86  79  82  84
  90  89  64  26  34  32  45  66  71  27  34  49  83  81  83  81
  95  83  61  29  29  25  26  29  30  27  33  68  81  83  83  79
  92  82  47  29  33  30  24  24  28  26  34  58  81  87  86  74
  90  83  74  75  60  33  23  28  28  28  34  68  84  87  86  72
  90  88  91  87  82  87  60  25  33  27  35  76  83  85  83  80
  89  87  88  88  86  83  66  80  38  27  34  72  83  85  83  78
  92  87  88  87  88  87  68  57  36  30  34  79  82  83  81  77
  89  88  89  92  88  86  62  73  56  28  32  80  86  81  83  71
  94  91  90  91  88  88  76  53  45  27  31  71  87  84  83  76
  97  95  93  90  92  92  88  77  56  30  32  72  86  86  84  74
  98  94  93  94  95  89  91  86  60  29  32  87  84  86  81  69
  95  95  94  94  92  88  88  85  56  23  32  78  85  86  83  67
  94  92  94  94  90  90  88  87  59  26  32  68  85  84  84  69
  98  87  89  94  93  92  90  93  85  83  75  84  92  85  83  82
  77  71  67  76  83  76  86  94  92 101 108 100  97  98 101  89
 110 103 105  79  62  72  98  99 101  30  38  75  99  99  97 100
 106 106  81  22  24  24  43  81  92  20  24  54 100 100  99  97
 107 105  72  23  22  23  23  27  22  21  22  82 102 100  98  96
 107 104  50  20  22  22  22  21  20  21  22  74 102 101 100  90
 110 105  80  78  65  32  20  20  21  21  20  83 103 102 101  95
 108 104 101 101 101  99  66  21  21  22  24  88 103 103 102  99
 102 104 104 103 102 102  72  95  31  22  25  84 104 102 101  93
 109 106 106 105 103 101  79  67  37  22  22  86 102 101 100  89
 105 106 105 105 104 100  69  88  70  23  24  98 102 103 101  82
 111 105 105 106 105 104  85  63  48  23  24  86  99 102 101  95
 108 107 108 106 105 104 102  88  58  23  23  85 101  99  97  91
 108 108 107 106 107 105 102 102  68  22  23  97 101  99  98  88
 108 108 108 107 107 105 104 101  64  24  25  86  99  99 100  83
 109 106 108 107 106 106 104 101  72  23  22  76  99  99  99  88
 113 108 108 108 109 107 109 106 101  98  86 100 104 100  95  95
  89  85  81  92  96  91  99 108 105 110 119 113 113 114 114 103
 123 120 123  96  79  83 115 117 117  41  48  85 116 114 115 116
 118 122  94  36  35  36  55  90 103  30  32  65 116 114 115 113
 122 123  86  37  34  30  31  36  34  31  32  93 117 116 117 113
 122 123  67  36  36  33  32  32  32  31  33  87 116 117 120 108
 122 122  96  94  79  46  32  31  32  32  32  99 120 119 120 110
 121 123 123 122 120 118  83  33  33  33  34 101 120 120 121 114
 117 123 125 123 122 122  94 109  46  32  34  95 120 119 119 107
 122 124 127 124 125 125  99  83  52  34  33 101 121 120 119 106
 120 125 126 126 124 124  91 101  88  35  33 111 124 118 121 100
 123 126 125 127 124 123 107  79  64  35  31  99 121 119 118 112
 125 131 130 127 125 125 123 104  73  36  33  98 117 119 117 110
 128 133 132 128 128 127 125 121  85  37  37 109 119 120 116 103
 125 132 132 129 128 127 124 124  82  36  37  98 121 120 117 101
 123 128 129 128 126 126 124 125  91  39  34  89 119 120 119 105
 124 126 125 127 127 124 124 126 119 113 100 114 123 118 112 109

