 164 162 159 156 162 166 166 159 163 159 150 158 159 158 153 164
 173 179 176 173 176 182 179 173 174 175 164 178 178 178 171 171
 180 185 182 179 181 182 178 178 174 174 171 177 172 171 169 167
 183 179 177 179 189 185 186 164 156 167 171 184 178 170 173 171
 179 183 182 182 184 184 178 107  97 175 177 183 177 173 178 181
 183 185 185 181 182 182 144  68  59 153 176 179 178 177 177 178
 180 183 182 182 175 169  80  60  61  91 170 177 177 177 176 179
 177 183 185 184 177 116  65  54  55  63 123 176 179 177 181 178
 183 182 184 178 163  76  64  68  62  65  68 160 178 179 186 178
 187 177 178 179 102  69  63  60  60  62  62 108 173 175 178 175
 167 171 181 147  67  59  60  61  62  63  60  69 162 173 180 182
 171 172 167  90  66  55  61  63  57  63  62  59  96 177 179 187
 186 183 161 126 130 108 123 114  95 102 116 108 116 162 171 175
 180 182 177 180 176 175 180 182 173 169 170 170 171 173 175 176
 177 176 177 181 178 172 173 174 171 174 176 174 183 179 178 175
 180 174 184 187 175 174 173 170 166 169 170 172 174 178 171 171
 154 156 147 143 153 154 145 145 154 150 139 144 143 141 139 154
 158 160 160 163 165 164 164 164 162 161 158 156 156 158 159 169
 162 162 163 165 164 163 166 164 160 159 159 154 156 161 162 164
 169 166 168 165 166 167 163 140 143 158 157 159 160 162 163 167
 165 164 167 166 167 167 162  85  78 158 155 155 160 159 164 166
 164 164 168 167 169 161 127  49  44 134 156 156 162 163 166 169
 167 166 165 164 162 156  59  46  45  70 154 155 158 161 164 165
 164 170 167 164 164  95  46  43  41  43 102 159 157 159 161 168
 164 168 162 162 147  53  46  46  45  46  47 147 158 159 161 165
 168 165 160 165  86  46  44  43  43  42  44  88 159 160 161 163
 160 159 158 127  45  46  43  42  41  42  44  49 148 157 159 166
 158 162 157  71  45  45  43  41  43  44  44  46  77 158 161 169
 160 157 145 106 115  96 100  96  88  88 104  96  96 149 159 163
 157 154 156 159 157 159 158 158 157 158 158 157 157 158 160 161
 157 153 156 158 158 160 161 161 161 158 157 156 156 156 157 166
 164 154 165 162 162 162 162 159 162 163 158 156 158 159 156 158
 157 162 153 152 157 159 153 150 157 152 143 148 143 142 141 150
 160 163 166 168 167 170 167 165 166 156 156 156 154 156 160 164
 164 167 168 169 168 169 167 167 163 160 156 158 159 160 159 163
 168 167 166 166 167 168 166 143 141 155 159 158 156 162 159 158
 165 168 171 170 169 166 157  87  80 151 155 157 160 157 161 159
 170 168 170 170 168 164 124  51  46 131 159 158 157 156 160 164
 169 168 170 166 162 153  62  48  49  71 152 159 161 157 158 160
 166 170 165 160 156  97  50  48  46  46 101 155 157 159 160 161
 164 167 164 157 143  59  51  51  50  49  54 139 154 158 161 160
 167 165 158 159  85  51  47  48  46  45  47  88 153 156 157 158
 157 160 156 126  52  48  44  45  47  48  46  51 141 155 157 160
 158 157 149  79  53  50  48  48  50  50  47  50  77 150 154 162
 159 157 146 112 116 100 105 102  94  94 107  97  98 143 154 157
 152 157 157 154 155 159 158 161 154 153 153 151 151 153 152 154
 151 154 157 154 156 156 157 155 153 155 154 152 152 152 152 159
 154 149 156 154 152 152 156 147 148 149 147 147 149 151 149 149

 164 171 167 171 181 178 179 178 178 175 182 187 175 176 175 171
 153 171 169 173 178 177 176 181 186 178 180 179 171 175 178 171
 158 178 171 170 173 177 177 177 179 175 173 177 162 173 179 178
 159 178 172 178 177 178 177 179 178 173 162  96 116 171 183 174
 158 178 177 184 183 179 177 176 160 108  69  59 108 170 174 172
 150 164 171 171 177 176 170 123  68  62  60  62 116 170 176 170
 159 175 174 167 175 153  91  63  65  62  63  63 102 169 174 169
 163 174 174 156  97  59  61  55  62  60  62  57  95 173 171 166
 159 173 178 164 107  68  60  54  68  60  61  63 114 182 174 170
 166 179 178 186 178 144  80  65  64  63  60  61 123 180 173 173
 166 182 182 185 184 182 169 116  76  69  59  55 108 175 172 174
 162 176 181 189 184 182 175 177 163 102  67  66 130 176 178 175
 156 173 179 179 182 181 182 184 178 179 147  90 126 180 181 187
 159 176 182 177 182 185 182 185 184 178 181 167 161 177 177 184
 162 179 185 179 183 185 183 183 182 177 171 172 183 182 176 174
 164 173 180 183 179 183 180 177 183 187 167 171 186 180 177 180
 154 169 164 167 166 169 165 168 165 163 166 169 163 161 166 158
 139 159 162 163 164 166 164 161 161 161 159 161 159 160 157 156
 141 158 161 162 159 163 161 159 159 160 157 158 149 158 156 159
 143 156 156 160 160 162 158 157 158 159 148  77  96 157 156 158
 144 156 154 159 155 156 155 159 147  88  49  46  96 157 156 156
 139 158 159 157 155 156 154 102  47  44  44  44 104 158 157 158
 150 161 159 158 158 134  70  43  46  42  42  44  88 158 158 163
 154 162 160 143  78  44  45  41  45  43  41  43  88 157 161 162
 145 164 164 140  85  49  46  43  46  43  42  41  96 158 161 159
 145 164 166 163 162 127  59  46  46  44  43  43 100 158 161 162
 154 164 163 167 167 161 156  95  53  46  46  45  96 159 160 162
 153 165 164 166 167 169 162 164 147  86  45  45 115 157 158 162
 143 163 165 165 166 167 164 164 162 165 127  71 106 159 158 162
 147 160 163 168 167 168 165 167 162 160 158 157 145 156 156 165
 156 160 162 166 164 164 166 170 168 165 159 162 157 154 153 154
 154 158 162 169 165 164 167 164 164 168 160 158 160 157 157 164
 150 164 163 158 159 164 160 161 160 158 160 162 157 154 159 149
 141 160 159 159 161 160 158 160 161 157 157 154 154 152 152 149
 142 156 160 162 157 156 157 159 158 156 155 150 143 153 152 151
 143 154 159 156 160 157 161 157 154 153 141  77  98 151 152 149
 148 156 158 158 157 158 159 155 139  88  51  50  97 151 152 147
 143 156 156 159 155 159 152 101  54  47  46  47 107 153 154 147
 152 156 160 155 151 131  71  46  49  45  48  50  94 153 155 149
 157 166 163 141  80  46  49  46  50  46  47  50  94 154 153 148
 150 165 167 143  87  51  48  48  51  48  45  48 102 161 155 147
 153 167 167 166 157 124  62  50  51  47  44  48 105 158 157 156
 159 170 169 168 166 164 153  97  59  51  48  50 100 159 156 152
 157 167 168 167 169 168 162 156 143  85  52  53 116 155 156 152
 152 168 169 166 170 170 166 160 157 159 126  79 112 154 154 154
 153 166 168 166 171 170 170 165 164 158 156 149 146 157 157 156
 162 163 167 167 168 168 168 170 167 165 160 157 157 157 154 149
 157 160 164 168 165 170 169 166 164 167 157 158 159 152 151 154

 171 171 178 174 172 170 169 166 170 173 174 175 187 184 174 180
 175 178 179 183 174 176 174 171 174 173 172 178 181 177 176 177
 176 175 173 171 170 170 169 173 182 180 175 176 180 177 182 180
 175 171 162 116 108 116 102  95 114 123 108 130 126 161 183 186
 187 179 177  96  59  62  63  57  63  61  55  66  90 167 172 171
 182 180 173 162  69  60  63  62  61  60  59  67 147 181 171 167
 175 178 175 173 108  62  62  60  60  63  69 102 179 178 177 187
 178 186 179 178 160  68  65  62  68  64  76 163 178 184 182 183
 178 181 177 179 176 123  63  55  54  65 116 177 184 185 183 177
 179 176 177 177 177 170  91  61  60  80 169 175 182 182 183 180
 178 177 177 178 179 176 153  59  68 144 182 182 181 185 185 183
 181 178 173 177 183 177 175  97 107 178 184 184 182 182 183 179
 171 173 170 178 184 171 167 156 164 186 185 189 179 177 179 183
 167 169 171 172 177 171 174 174 178 178 182 181 179 182 185 180
 171 171 178 178 178 164 175 174 173 179 182 176 173 176 179 173
 164 153 158 159 158 150 159 163 159 166 166 162 156 159 162 164
 158 156 159 158 156 158 163 162 159 162 162 162 162 165 154 164
 166 157 156 156 156 157 158 161 161 161 160 158 158 156 153 157
 161 160 158 157 157 158 158 157 158 158 159 157 159 156 154 157
 163 159 149  96  96 104  88  88  96 100  96 115 106 145 157 160
 169 161 158  77  46  44  44  43  41  43  45  45  71 157 162 158
 166 159 157 148  49  44  42  41  42  43  46  45 127 158 159 160
 163 161 160 159  88  44  42  43  43  44  46  86 165 160 165 168
 165 161 159 158 147  47  46  45  46  46  53 147 162 162 168 164
 168 161 159 157 159 102  43  41  43  46  95 164 164 167 170 164
 165 164 161 158 155 154  70  45  46  59 156 162 164 165 166 167
 169 166 163 162 156 156 134  44  49 127 161 169 167 168 164 164
 166 164 159 160 155 155 158  78  85 162 167 167 166 167 164 165
 167 163 162 160 159 157 158 143 140 163 167 166 165 168 166 169
 164 162 161 156 154 159 159 160 164 166 163 164 165 163 162 162
 169 159 158 156 156 158 161 162 164 164 164 165 163 160 160 158
 154 139 141 143 144 139 150 154 145 145 154 153 143 147 156 154
 149 149 151 149 147 147 149 148 147 156 152 152 154 156 149 154
 159 152 152 152 152 154 155 153 155 157 156 156 154 157 154 151
 154 152 153 151 151 153 153 154 161 158 159 155 154 157 157 152
 157 154 143  98  97 107  94  94 102 105 100 116 112 146 157 159
 162 154 150  77  50  47  50  50  48  48  50  53  79 149 157 158
 160 157 155 141  51  46  48  47  45  44  48  52 126 156 160 157
 158 157 156 153  88  47  45  46  48  47  51  85 159 158 165 167
 160 161 158 154 139  54  49  50  51  51  59 143 157 164 167 164
 161 160 159 157 155 101  46  46  48  50  97 156 160 165 170 166
 160 158 157 161 159 152  71  49  48  62 153 162 166 170 168 169
 164 160 156 157 158 159 131  46  51 124 164 168 170 170 168 170
 159 161 157 160 157 155 151  80  87 157 166 169 170 171 168 165
 158 159 162 156 158 159 155 141 143 166 168 167 166 166 167 168
 163 159 160 159 158 156 160 163 167 167 169 168 169 168 167 164
 164 160 156 154 156 156 156 166 165 167 170 167 168 166 163 160
 150 141 142 143 148 143 152 157 150 153 159 157 152 153 162 157

 180 177 180 186 171 167 187 183 177 180 183 179 183 180 173 164
 174 176 182 183 172 171 177 182 183 183 185 183 179 185 179 162
 184 177 177 161 167 181 178 184 185 182 185 182 177 182 176 159
 187 181 180 126  90 147 179 178 184 182 181 182 179 179 173 156
 175 178 176 130  66  67 102 163 177 175 182 184 189 181 176 162
 174 172 175 108  55  59  69  76 116 169 182 184 185 182 182 166
 173 173 180 123  61  60  63  64  65  80 144 178 186 178 179 166
 170 174 182 114  63  61  60  68  54  60  68 107 164 178 173 159
 166 171 173  95  57  62  60  62  55  61  59  97 156 174 174 163
 169 174 169 102  63  63  62  65  63  91 153 175 167 174 175 159
 170 176 170 116  62  60  62  68 123 170 176 177 171 171 164 150
 172 174 170 108  59  69 108 160 176 177 179 183 184 177 178 158
 174 183 171 116  96 162 173 178 179 177 178 177 178 172 178 159
 178 179 173 162 177 173 175 179 177 177 177 173 170 171 178 158
 171 178 175 171 179 180 178 186 181 176 177 178 173 169 171 153
 171 175 176 175 187 182 175 178 178 179 178 181 171 167 171 164
 164 157 157 160 158 160 168 164 164 167 164 165 169 162 158 154
 154 153 154 157 162 159 165 168 170 166 164 164 166 162 160 156
 165 156 156 145 157 158 160 162 167 165 168 167 168 163 160 147
 162 158 159 106  71 127 165 162 164 164 167 166 165 165 163 143
 162 158 157 115  45  45  86 147 164 162 169 167 166 164 165 153
 162 160 159  96  45  46  46  53  95 156 161 167 167 163 164 154
 162 161 158 100  43  43  44  46  46  59 127 162 163 166 164 145
 159 161 158  96  41  42  43  46  43  46  49  85 140 164 164 145
 162 161 157  88  43  41  43  45  41  45  44  78 143 160 162 154
 163 158 158  88  44  42  42  46  43  70 134 158 158 159 161 150
 158 157 158 104  44  44  44  47 102 154 156 155 157 159 158 139
 156 156 157  96  46  49  88 147 159 155 156 155 159 154 156 144
 158 156 157  96  77 148 159 158 157 158 162 160 160 156 156 143
 159 156 158 149 158 157 160 159 159 161 163 159 162 161 158 141
 156 157 160 159 161 159 161 161 161 164 166 164 163 162 159 139
 158 166 161 163 169 166 163 165 168 165 169 166 167 164 169 154
 154 151 152 159 158 157 167 164 166 169 170 165 168 164 160 157
 149 154 157 157 157 160 165 167 170 168 168 168 167 167 163 162
 156 157 157 146 149 156 158 164 165 170 170 171 166 168 166 153
 154 154 154 112  79 126 159 157 160 166 170 170 166 169 168 152
 152 156 155 116  53  52  85 143 156 162 168 169 167 168 167 157
 152 156 159 100  50  48  51  59  97 153 164 166 168 169 170 159
 156 157 158 105  48  44  47  51  50  62 124 157 166 167 167 153
 147 155 161 102  48  45  48  51  48  48  51  87 143 167 165 150
 148 153 154  94  50  47  46  50  46  49  46  80 141 163 166 157
 149 155 153  94  50  48  45  49  46  71 131 151 155 160 156 152
 147 154 153 107  47  46  47  54 101 152 159 155 159 156 156 143
 147 152 151  97  50  51  88 139 155 159 158 157 158 158 156 148
 149 152 151  98  77 141 153 154 157 161 157 160 156 159 154 143
 151 152 153 143 150 155 156 158 159 157 156 157 162 160 156 142
 149 152 152 154 154 157 157 161 160 158 160 161 159 159 160 141
 149 159 154 157 162 160 158 160 161 160 164 159 158 163 164 150

