  94 105 104 105 108 107 106 106 102  96  97  97  96  98  97  89
 104 109 112 113 112 113 108  81  97 103 104 104 104 105 106  91
 106 111 111 110 110 111 107  45  69 103 102 107 105 104 108  98
 106 112 115 117 113 115  82  32  42 102 104 106 105 107 108  96
 106 113 114 110 108  98  42  37  29  52 103 106 107 107 107  96
 100 106 108  96  90  42  32  88  60  32  77  78 104 108 109  93
 103 106 103  54  44  36  27  98  61  35  34  33  98 108 106  87
 101 102 102  38  35  33  30  45  36  29  29  32  75 105 109  85
  96  99  71  34  33  29  30  33  31  30  29  31  47  98 108  88
 105  72  36  31  30  31  30  31  31  30  30  33  30  54 103  91
 100  40  35  34  28  33  33  34  30  32  26  32  32  29  98  94
 111  51  32  29  25  32  36  32  32  36  25  30  32  39 107  89
 110  97  40  68  99 106  67  32  57  99  88  68  46  93 107  86
 106 114 112 109 113  92  59  41  52  87 104 109 109 111 112  91
 100 110 109 112 113 108 112 108 105 104 109 109 111 113 113  85
  72  71  71  78  81  85  90  85  81  82  80  81  81  85  84  69
 131 143 147 146 146 147 150 148 137 135 133 132 131 137 136 128
 135 145 145 147 149 148 149 106 125 136 135 133 132 135 136 122
 135 142 143 144 146 147 144  56  88 135 133 133 133 138 137 130
 137 141 144 143 145 148 107  37  50 128 135 135 136 136 138 129
 134 140 142 145 145 127  41  40  34  62 130 135 136 138 139 125
 134 138 140 131 118  49  32 114  71  32  89  97 135 136 141 120
 129 136 139  70  40  31  28 122  75  30  33  33 118 135 139 115
 129 133 132  42  32  29  30  54  38  30  30  31  93 134 136 111
 130 133  89  34  30  30  29  29  29  30  29  30  52 128 135 111
 136  89  35  32  29  30  30  30  29  28  28  29  31  62 131 115
 132  43  33  31  32  30  29  29  28  28  28  30  30  29 119 113
 144  60  33  33  28  34  39  30  31  41  28  30  31  47 135 108
 137 121  44  85 126 141  84  34  67 122 107  80  51 113 136 106
 132 134 138 139 143 118  70  39  57 103 134 137 135 136 137 109
 124 130 135 138 140 139 142 132 136 127 133 134 135 137 137 107
  81  86  87  91  97 103 109 102  97  98  94  93  93 100 102  79
 145 162 167 172 174 174 178 169 161 156 153 153 152 156 157 146
 150 164 169 171 174 175 173 124 142 157 157 156 156 160 164 141
 153 165 170 168 172 174 165  69 100 159 155 157 158 158 163 149
 153 163 167 171 174 175 122  45  59 143 157 160 161 161 163 148
 151 158 166 168 168 145  54  53  45  74 149 155 156 161 164 144
 151 161 164 149 131  60  44 131  88  43 101 111 152 161 166 141
 148 158 160  84  53  41  41 138  89  41  43  45 135 158 165 136
 146 152 145  52  43  41  41  65  48  37  37  41 106 156 164 132
 148 150 102  41  41  38  39  39  38  35  37  40  65 142 161 132
 154 101  44  40  39  40  38  39  40  38  39  41  42  77 150 135
 147  54  41  42  43  43  41  40  39  40  39  40  42  45 140 135
 162  79  43  44  45  53  52  42  44  57  44  45  45  68 159 132
 159 139  67 106 150 163 102  48  83 146 133 105  78 139 166 131
 148 156 160 165 170 142  92  63  81 125 157 163 161 167 167 134
 137 148 156 161 164 162 168 160 160 152 158 160 163 165 165 130
  88  95  98 105 112 117 123 116 113 113 108 111 111 116 117  96

  89  91  98  96  96  93  87  85  88  91  94  89  86  91  85  69
  97 106 108 108 107 109 106 109 108 103  98 107 107 112 113  84
  98 105 104 107 107 108 108 105  98  54  29  39  93 111 113  85
  96 104 105 105 107 104  98  75  47  30  32  32  46 109 111  81
  97 104 107 106 106  78  33  32  31  33  32  30  68 109 109  81
  97 104 102 104 103  77  34  29  29  30  26  25  88 104 109  80
  96 103 103 102  52  32  35  29  30  30  32  36  99  87 104  82
 102  97  69  42  29  60  61  36  31  31  30  32  57  52 105  81
 106  81  45  32  37  88  98  45  33  31  34  32  32  41 108  85
 106 108 107  82  42  32  27  30  30  30  33  36  67  59 112  90
 107 113 111 115  98  42  36  33  29  31  33  32 106  92 108  85
 108 112 110 113 108  90  44  35  33  30  28  25  99 113 113  81
 105 113 110 117 110  96  54  38  34  31  34  29  68 109 112  78
 104 112 111 115 114 108 103 102  71  36  35  32  40 112 109  71
 105 109 111 112 113 106 106 102  99  72  40  51  97 114 110  71
  94 104 106 106 106 100 103 101  96 105 100 111 110 106 100  72
 128 122 130 129 125 120 115 111 111 115 113 108 106 109 107  79
 136 136 137 138 139 141 139 136 135 131 119 135 136 137 137 102
 137 135 138 136 138 136 135 134 128  62  29  47 113 136 137 100
 131 132 133 136 136 135 118  93  52  31  30  31  51 135 135  93
 132 133 133 135 135  97  33  31  30  29  30  30  80 137 134  93
 133 135 133 135 130  89  33  30  29  28  28  28 107 134 133  94
 135 136 135 128  62  32  30  30  30  28  28  41 122 103 127  98
 137 125  88  50  34  71  75  38  29  29  28  31  67  57 136  97
 148 106  56  37  40 114 122  54  29  30  29  30  34  39 132 102
 150 149 144 107  41  32  28  30  29  30  29  39  84  70 142 109
 147 148 147 148 127  49  31  29  30  30  30  34 141 118 139 103
 146 149 146 145 145 118  40  32  30  29  32  28 126 143 140  97
 146 147 144 143 145 131  70  42  34  32  31  33  85 139 138  91
 147 145 143 144 142 140 139 132  89  35  33  33  44 138 135  87
 143 145 142 141 140 138 136 133 133  89  43  60 121 134 130  86
 131 135 135 137 134 134 129 129 130 136 132 144 137 132 124  81
 146 141 149 148 144 141 136 132 132 135 135 132 131 134 130  96
 157 164 163 163 164 166 165 164 161 150 140 159 166 167 165 117
 156 160 158 161 161 161 158 156 142  77  45  68 139 167 165 116
 152 156 158 161 156 152 135 106  65  42  42  45  78 161 163 111
 153 156 157 160 155 111  45  41  40  41  40  45 105 163 160 111
 153 157 155 157 149 101  43  37  37  39  39  44 133 157 158 108
 156 157 159 143  74  43  41  37  35  38  40  57 146 125 152 113
 161 142 100  59  45  88  89  48  38  40  39  44  83  81 160 113
 169 124  69  45  53 131 138  65  39  39  40  42  48  63 160 116
 178 173 165 122  54  44  41  41  39  38  41  52 102  92 168 123
 174 175 174 175 145  60  41  41  38  40  43  53 163 142 162 117
 174 174 172 174 168 131  53  43  41  39  43  45 150 170 164 112
 172 171 168 171 168 149  84  52  41  40  42  44 106 165 161 105
 167 169 170 167 166 164 160 145 102  44  41  43  67 160 156  98
 162 164 165 163 158 161 158 152 150 101  54  79 139 156 148  95
 145 150 153 153 151 151 148 146 148 154 147 162 159 148 137  88

  69  84  85  81  81  80  82  81  85  90  85  81  78  71  71  72
  85 113 113 111 109 109 104 105 108 112 108 113 112 109 110 100
  91 112 111 109 109 104  87  52  41  59  92 113 109 112 114 106
  86 107  93  46  68  88  99  57  32  67 106  99  68  40  97 110
  89 107  39  32  30  25  36  32  32  36  32  25  29  32  51 111
  94  98  29  32  32  26  32  30  34  33  33  28  34  35  40 100
  91 103  54  30  33  30  30  31  31  30  31  30  31  36  72 105
  88 108  98  47  31  29  30  31  33  30  29  33  34  71  99  96
  85 109 105  75  32  29  29  36  45  30  33  35  38 102 102 101
  87 106 108  98  33  34  35  61  98  27  36  44  54 103 106 103
  93 109 108 104  78  77  32  60  88  32  42  90  96 108 106 100
  96 107 107 107 106 103  52  29  37  42  98 108 110 114 113 106
  96 108 107 105 106 104 102  42  32  82 115 113 117 115 112 106
  98 108 104 105 107 102 103  69  45 107 111 110 110 111 111 106
  91 106 105 104 104 104 103  97  81 108 113 112 113 112 109 104
  89  97  98  96  97  97  96 102 106 106 107 108 105 104 105  94
  79 102 100  93  93  94  98  97 102 109 103  97  91  87  86  81
 107 137 137 135 134 133 127 136 132 142 139 140 138 135 130 124
 109 137 136 135 137 134 103  57  39  70 118 143 139 138 134 132
 106 136 113  51  80 107 122  67  34  84 141 126  85  44 121 137
 108 135  47  31  30  28  41  31  30  39  34  28  33  33  60 144
 113 119  29  30  30  28  28  28  29  29  30  32  31  33  43 132
 115 131  62  31  29  28  28  29  30  30  30  29  32  35  89 136
 111 135 128  52  30  29  30  29  29  29  30  30  34  89 133 130
 111 136 134  93  31  30  30  38  54  30  29  32  42 132 133 129
 115 139 135 118  33  33  30  75 122  28  31  40  70 139 136 129
 120 141 136 135  97  89  32  71 114  32  49 118 131 140 138 134
 125 139 138 136 135 130  62  34  40  41 127 145 145 142 140 134
 129 138 136 136 135 135 128  50  37 107 148 145 143 144 141 137
 130 137 138 133 133 133 135  88  56 144 147 146 144 143 142 135
 122 136 135 132 133 135 136 125 106 149 148 149 147 145 145 135
 128 136 137 131 132 133 135 137 148 150 147 146 146 147 143 131
  96 117 116 111 111 108 113 113 116 123 117 112 105  98  95  88
 130 165 165 163 160 158 152 160 160 168 162 164 161 156 148 137
 134 167 167 161 163 157 125  81  63  92 142 170 165 160 156 148
 131 166 139  78 105 133 146  83  48 102 163 150 106  67 139 159
 132 159  68  45  45  44  57  44  42  52  53  45  44  43  79 162
 135 140  45  42  40  39  40  39  40  41  43  43  42  41  54 147
 135 150  77  42  41  39  38  40  39  38  40  39  40  44 101 154
 132 161 142  65  40  37  35  38  39  39  38  41  41 102 150 148
 132 164 156 106  41  37  37  48  65  41  41  43  52 145 152 146
 136 165 158 135  45  43  41  89 138  41  41  53  84 160 158 148
 141 166 161 152 111 101  43  88 131  44  60 131 149 164 161 151
 144 164 161 156 155 149  74  45  53  54 145 168 168 166 158 151
 148 163 161 161 160 157 143  59  45 122 175 174 171 167 163 153
 149 163 158 158 157 155 159 100  69 165 174 172 168 170 165 153
 141 164 160 156 156 157 157 142 124 173 175 174 171 169 164 150
 146 157 156 152 153 153 156 161 169 178 174 174 172 167 162 145

  72 100 106 110 111 100 105  96 101 103 100 106 106 106 104  94
  71 110 114  97  51  40  72  99 102 106 106 113 112 111 109 105
  71 109 112  40  32  35  36  71 102 103 108 114 115 111 112 104
  78 112 109  68  29  34  31  34  38  54  96 110 117 110 113 105
  81 113 113  99  25  28  30  33  35  44  90 108 113 110 112 108
  85 108  92 106  32  33  31  29  33  36  42  98 115 111 113 107
  90 112  59  67  36  33  30  30  30  27  32  42  82 107 108 106
  85 108  41  32  32  34  31  33  45  98  88  37  32  45  81 106
  81 105  52  57  32  30  31  31  36  61  60  29  42  69  97 102
  82 104  87  99  36  32  30  30  29  35  32  52 102 103 103  96
  80 109 104  88  25  26  30  29  29  34  77 103 104 102 104  97
  81 109 109  68  30  32  33  31  32  33  78 106 106 107 104  97
  81 111 109  46  32  32  30  47  75  98 104 107 105 105 104  96
  85 113 111  93  39  29  54  98 105 108 108 107 107 104 105  98
  84 113 112 107 107  98 103 108 109 106 109 107 108 108 106  97
  69  85  91  86  89  94  91  88  85  87  93  96  96  98  91  89
  81 124 132 137 144 132 136 130 129 129 134 134 137 135 135 131
  86 130 134 121  60  43  89 133 133 136 138 140 141 142 145 143
  87 135 138  44  33  33  35  89 132 139 140 142 144 143 145 147
  91 138 139  85  33  31  32  34  42  70 131 145 143 144 147 146
  97 140 143 126  28  32  29  30  32  40 118 145 145 146 149 146
 103 139 118 141  34  30  30  30  29  31  49 127 148 147 148 147
 109 142  70  84  39  29  30  29  30  28  32  41 107 144 149 150
 102 132  39  34  30  29  30  29  54 122 114  40  37  56 106 148
  97 136  57  67  31  28  29  29  38  75  71  34  50  88 125 137
  98 127 103 122  41  28  28  30  30  30  32  62 128 135 136 135
  94 133 134 107  28  28  28  29  30  33  89 130 135 133 135 133
  93 134 137  80  30  30  29  30  31  33  97 135 135 133 133 132
  93 135 135  51  31  30  31  52  93 118 135 136 136 133 132 131
 100 137 136 113  47  29  62 128 134 135 136 138 136 138 135 137
 102 137 137 136 135 119 131 135 136 139 141 139 138 137 136 136
  79 107 109 106 108 113 115 111 111 115 120 125 129 130 122 128
  88 137 148 159 162 147 154 148 146 148 151 151 153 153 150 145
  95 148 156 139  79  54 101 150 152 158 161 158 163 165 164 162
  98 156 160  67  43  41  44 102 145 160 164 166 167 170 169 167
 105 161 165 106  44  42  40  41  52  84 149 168 171 168 171 172
 112 164 170 150  45  43  39  41  43  53 131 168 174 172 174 174
 117 162 142 163  53  43  40  38  41  41  60 145 175 174 175 174
 123 168  92 102  52  41  38  39  41  41  44  54 122 165 173 178
 116 160  63  48  42  40  39  39  65 138 131  53  45  69 124 169
 113 160  81  83  44  39  40  38  48  89  88  45  59 100 142 161
 113 152 125 146  57  40  38  35  37  41  43  74 143 159 157 156
 108 158 157 133  44  39  39  37  37  43 101 149 157 155 157 153
 111 160 163 105  45  40  41  40  41  45 111 155 160 157 156 153
 111 163 161  78  45  42  42  65 106 135 152 156 161 158 156 152
 116 165 167 139  68  45  77 142 156 158 161 161 161 158 160 156
 117 165 167 166 159 140 150 161 164 165 166 164 163 163 164 157
  96 130 134 131 132 135 135 132 132 136 141 144 148 149 141 146

