  58  90  89  91  92  92  94  93  86  93  95  95  95  92  88  89
  61  93  96  96  94  97  96  88  36  61  97  95  92  94  91  94
  60  90  95  97  96  98  94  54  30  30  77  95  92  91  92  93
  60  93  94  93  95  93  73  34  46  38  39  89  95  94  95  93
  59  94  95  94  94  91  45  66  64  74  44  59  94  92  94  95
  60  93  95  96  92  84  58  33  32  30  34  71  87  92  96  96
  56  93  97  95  68  43  78  37  29  27  55  73  51  91  93  91
  58  89  47  77  40  29  64  52  29  27  74  52  30  61  76  84
  57  88  40  40  31  30  63  58  27  26  73  51  33  34  45  67
  56  88  41  29  28  28  62  59  27  26  73  51  30  30  31  63
  56  91  45  31  27  27  65  58  27  27  73  47  32  30  28  66
  53  92  80  29  28  26  62  61  29  29  76  50  27  26  40  85
  55  94  93  84  81  88  91  90  43  53  86  84  80  69  79  91
  54  93  96  98  96  95  96  94  68  76  92  96  99  97  95  94
  56  90  97  98  97  96  97  98  94  94  97  98  97  98  96 100
  50  77  77  78  80  80  81  85  84  84  89  90  89  88  89  92
  80 123 127 128 127 128 131 130 123 128 133 132 132 129 126 129
  79 125 127 129 130 126 128 119  48  80 130 129 129 127 127 129
  80 124 129 128 130 128 127  71  34  37 101 125 127 128 128 129
  81 125 126 127 129 126  97  41  57  51  51 121 125 127 127 130
  79 123 125 126 124 117  51  88  92 106  57  73 123 125 129 129
  78 123 122 123 121 112  75  32  31  31  35  98 119 128 128 128
  74 122 123 122  91  47 108  49  31  31  71 100  59 119 128 129
  72 117  60 102  46  31  89  71  31  30  96  68  34  81  98 108
  71 117  50  42  31  29  85  74  31  31  96  66  32  37  51  86
  74 117  51  31  30  29  85  75  32  32  95  63  32  32  32  81
  72 118  57  31  30  31  86  77  32  31  98  65  32  32  33  87
  71 121 102  38  30  31  82  76  32  32  97  67  33  32  50 115
  68 120 122 113 109 115 120 117  53  68 118 118 106  95 110 129
  69 120 123 122 122 123 125 125  93 100 125 128 127 128 128 129
  69 118 117 118 122 124 123 124 124 123 123 123 125 127 127 127
  57  96  97 100 100 103 104 107 110 111 112 113 112 115 115 118
 102 158 164 166 167 166 168 169 154 164 172 171 168 165 160 162
 102 160 164 165 167 167 168 151  69 102 162 165 166 164 163 166
 104 157 162 165 165 167 162  92  49  53 124 159 162 162 164 166
 105 159 163 167 164 162 122  65  82  74  72 143 159 162 166 167
 103 158 162 163 162 152  75 106 114 124  78  97 156 165 166 168
 102 156 158 157 155 141 103  50  46  46  55 122 149 163 166 168
  98 154 155 154 114  69 130  72  45  45  95 124  82 149 165 165
  98 145  85 122  65  47 112  94  46  46 122  94  48 102 124 138
  93 144  74  59  46  46 110  98  46  45 121  91  48  54  69 111
  95 143  72  44  44  46 112 101  46  49 121  89  48  47  50 106
  94 148  83  47  45  47 111 101  48  48 120  89  48  47  50 113
  94 153 132  61  50  52 110 107  51  50 124  97  53  51  75 147
  91 152 155 145 141 150 156 150  81  93 150 153 139 128 142 164
  91 151 157 159 158 158 160 159 123 132 161 165 165 166 165 164
  88 146 152 156 156 158 158 161 160 157 159 161 162 165 163 166
  73 117 118 124 125 129 130 133 133 135 138 140 139 141 144 147

  89  94  93  93  95  96  91  84  67  63  66  85  91  94 100  92
  88  91  92  95  94  96  93  76  45  31  28  40  79  95  96  89
  92  94  91  94  92  92  91  61  34  30  30  26  69  97  98  88
  95  92  92  95  94  87  51  30  33  30  32  27  80  99  97  89
  95  95  95  89  59  71  73  52  51  51  47  50  84  96  98  90
  95  97  77  39  44  34  55  74  73  73  73  76  86  92  97  89
  93  61  30  38  74  30  27  27  26  26  27  29  53  76  94  84
  86  36  30  46  64  32  29  29  27  27  27  29  43  68  94  84
  93  88  54  34  66  33  37  52  58  59  58  61  90  94  98  85
  94  96  94  73  45  58  78  64  63  62  65  62  91  96  97  81
  92  97  98  93  91  84  43  29  30  28  27  26  88  95  96  80
  92  94  96  95  94  92  68  40  31  28  27  28  81  96  97  80
  91  96  97  93  94  96  95  77  40  29  31  29  84  98  98  78
  89  96  95  94  95  95  97  47  40  41  45  80  93  96  97  77
  90  93  90  93  94  93  93  89  88  88  91  92  94  93  90  77
  58  61  60  60  59  60  56  58  57  56  56  53  55  54  56  50
 129 129 129 130 129 128 129 108  86  81  87 115 129 129 127 118
 126 127 128 127 129 128 128  98  51  32  33  50 110 128 127 115
 129 127 128 127 125 128 119  81  37  32  32  32  95 128 127 115
 132 129 127 125 123 119  59  34  32  32  32  33 106 127 125 112
 132 129 125 121  73  98 100  68  66  63  65  67 118 128 123 113
 133 130 101  51  57  35  71  96  96  95  98  97 118 125 123 112
 128  80  37  51 106  31  31  30  31  32  31  32  68 100 123 111
 123  48  34  57  92  31  31  31  31  32  32  32  53  93 124 110
 130 119  71  41  88  32  49  71  74  75  77  76 117 125 124 107
 131 128 127  97  51  75 108  89  85  85  86  82 120 125 123 104
 128 126 128 126 117 112  47  31  29  29  31  31 115 123 124 103
 127 130 130 129 124 121  91  46  31  30  30  30 109 122 122 100
 128 129 128 127 126 123 122 102  42  31  31  38 113 122 118 100
 127 127 129 126 125 122 123  60  50  51  57 102 122 123 117  97
 123 125 124 125 123 123 122 117 117 117 118 121 120 120 118  96
  80  79  80  81  79  78  74  72  71  74  72  71  68  69  69  57
 162 166 166 167 168 168 165 138 111 106 113 147 164 164 166 147
 160 163 164 166 166 166 165 124  69  50  50  75 142 165 163 144
 165 164 162 162 165 163 149 102  54  47  47  51 128 166 165 141
 168 166 162 159 156 149  82  48  48  48  48  53 139 165 162 139
 171 165 159 143  97 122 124  94  91  89  89  97 153 165 161 140
 172 162 124  72  78  55  95 122 121 121 120 124 150 161 159 138
 164 102  53  74 124  46  45  46  45  49  48  50  93 132 157 135
 154  69  49  82 114  46  45  46  46  46  48  51  81 123 160 133
 169 151  92  65 106  50  72  94  98 101 101 107 150 159 161 133
 168 168 162 122  75 103 130 112 110 112 111 110 156 160 158 130
 166 167 167 162 152 141  69  47  46  46  47  52 150 158 158 129
 167 167 165 164 162 155 114  65  46  44  45  50 141 158 156 125
 166 165 165 167 163 157 154 122  59  44  47  61 145 159 156 124
 164 164 162 163 162 158 155  85  74  72  83 132 155 157 152 118
 158 160 157 159 158 156 154 145 144 143 148 153 152 151 146 117
 102 102 104 105 103 102  98  98  93  95  94  94  91  91  88  73

  92  89  88  89  90  89  84  84  85  81  80  80  78  77  77  50
 100  96  98  97  98  97  94  94  98  97  96  97  98  97  90  56
  94  95  97  99  96  92  76  68  94  96  95  96  98  96  93  54
  91  79  69  80  84  86  53  43  90  91  88  81  84  93  94  55
  85  40  26  27  50  76  29  29  61  62  26  28  29  80  92  53
  66  28  30  32  47  73  27  27  58  65  27  27  31  45  91  56
  63  31  30  30  51  73  26  27  59  62  28  28  29  41  88  56
  67  45  34  33  51  73  26  27  58  63  30  31  40  40  88  57
  84  76  61  30  52  74  27  29  52  64  29  40  77  47  89  58
  91  93  91  51  73  55  27  29  37  78  43  68  95  97  93  56
  96  96  92  87  71  34  30  32  33  58  84  92  96  95  93  60
  95  94  92  94  59  44  74  64  66  45  91  94  94  95  94  59
  93  95  94  95  89  39  38  46  34  73  93  95  93  94  93  60
  93  92  91  92  95  77  30  30  54  94  98  96  97  95  90  60
  94  91  94  92  95  97  61  36  88  96  97  94  96  96  93  61
  89  88  92  95  95  95  93  86  93  94  92  92  91  89  90  58
 118 115 115 112 113 112 111 110 107 104 103 100 100  97  96  57
 127 127 127 125 123 123 123 124 124 123 124 122 118 117 118  69
 129 128 128 127 128 125 100  93 125 125 123 122 122 123 120  69
 129 110  95 106 118 118  68  53 117 120 115 109 113 122 120  68
 115  50  32  33  67  97  32  32  76  82  31  30  38 102 121  71
  87  33  32  32  65  98  31  32  77  86  31  30  31  57 118  72
  81  32  32  32  63  95  32  32  75  85  29  30  31  51 117  74
  86  51  37  32  66  96  31  31  74  85  29  31  42  50 117  71
 108  98  81  34  68  96  30  31  71  89  31  46 102  60 117  72
 129 128 119  59 100  71  31  31  49 108  47  91 122 123 122  74
 128 128 128 119  98  35  31  31  32  75 112 121 123 122 123  78
 129 129 125 123  73  57 106  92  88  51 117 124 126 125 123  79
 130 127 127 125 121  51  51  57  41  97 126 129 127 126 125  81
 129 128 128 127 125 101  37  34  71 127 128 130 128 129 124  80
 129 127 127 129 129 130  80  48 119 128 126 130 129 127 125  79
 129 126 129 132 132 133 128 123 130 131 128 127 128 127 123  80
 147 144 141 139 140 138 135 133 133 130 129 125 124 118 117  73
 166 163 165 162 161 159 157 160 161 158 158 156 156 152 146  88
 164 165 166 165 165 161 132 123 159 160 158 158 159 157 151  91
 164 142 128 139 153 150  93  81 150 156 150 141 145 155 152  91
 147  75  51  53  97 124  50  51 107 110  52  50  61 132 153  94
 113  50  47  48  89 120  48  48 101 111  47  45  47  83 148  94
 106  50  47  48  89 121  49  46 101 112  46  44  44  72 143  95
 111  69  54  48  91 121  45  46  98 110  46  46  59  74 144  93
 138 124 102  48  94 122  46  46  94 112  47  65 122  85 145  98
 165 165 149  82 124  95  45  45  72 130  69 114 154 155 154  98
 168 166 163 149 122  55  46  46  50 103 141 155 157 158 156 102
 168 166 165 156  97  78 124 114 106  75 152 162 163 162 158 103
 167 166 162 159 143  72  74  82  65 122 162 164 167 163 159 105
 166 164 162 162 159 124  53  49  92 162 167 165 165 162 157 104
 166 163 164 166 165 162 102  69 151 168 167 167 165 164 160 102
 162 160 165 168 171 172 164 154 169 168 166 167 166 164 158 102

  50  56  54  55  53  56  56  57  58  56  60  59  60  60  61  58
  77  90  93  94  92  91  88  88  89  93  93  94  93  90  93  90
  77  97  96  93  80  45  41  40  47  97  95  95  94  95  96  89
  78  98  98  84  29  31  29  40  77  95  96  94  93  97  96  91
  80  97  96  81  28  27  28  31  40  68  92  94  95  96  94  92
  80  96  95  88  26  27  28  30  29  43  84  91  93  98  97  92
  81  97  96  91  62  65  62  63  64  78  58  45  73  94  96  94
  85  98  94  90  61  58  59  58  52  37  33  66  34  54  88  93
  84  94  68  43  29  27  27  27  29  29  32  64  46  30  36  86
  84  94  76  53  29  27  26  26  27  27  30  74  38  30  61  93
  89  97  92  86  76  73  73  73  74  55  34  44  39  77  97  95
  90  98  96  84  50  47  51  51  52  73  71  59  89  95  95  95
  89  97  99  80  27  32  30  33  30  51  87  94  95  92  92  95
  88  98  97  69  26  30  30  34  61  91  92  92  94  91  94  92
  89  96  95  79  40  28  31  45  76  93  96  94  95  92  91  88
  92 100  94  91  85  66  63  67  84  91  96  95  93  93  94  89
  57  69  69  68  71  72  74  71  72  74  78  79  81  80  79  80
  96 118 120 120 121 118 117 117 117 122 123 123 125 124 125 123
  97 117 123 122 102  57  51  50  60 123 122 125 126 129 127 127
 100 118 122 113  38  31  31  42 102 122 123 126 127 128 129 128
 100 122 122 109  30  30  30  31  46  91 121 124 129 130 130 127
 103 124 123 115  31  31  29  29  31  47 112 117 126 128 126 128
 104 123 125 120  82  86  85  85  89 108  75  51  97 127 128 131
 107 124 125 117  76  77  75  74  71  49  32  88  41  71 119 130
 110 124  93  53  32  32  32  31  31  31  31  92  57  34  48 123
 111 123 100  68  32  31  32  31  30  31  31 106  51  37  80 128
 112 123 125 118  97  98  95  96  96  71  35  57  51 101 130 133
 113 123 128 118  67  65  63  66  68 100  98  73 121 125 129 132
 112 125 127 106  33  32  32  32  34  59 119 123 125 127 129 132
 115 127 128  95  32  32  32  37  81 119 128 125 127 128 127 129
 115 127 128 110  50  33  32  51  98 128 128 129 127 128 127 126
 118 127 129 129 115  87  81  86 108 129 128 129 130 129 129 129
  73  88  91  91  94  94  95  93  98  98 102 103 105 104 102 102
 117 146 151 152 153 148 143 144 145 154 156 158 159 157 160 158
 118 152 157 155 132  83  72  74  85 155 158 162 163 162 164 164
 124 156 159 145  61  47  44  59 122 154 157 163 167 165 165 166
 125 156 158 141  50  45  44  46  65 114 155 162 164 165 167 167
 129 158 158 150  52  47  46  46  47  69 141 152 162 167 167 166
 130 158 160 156 110 111 112 110 112 130 103  75 122 162 168 168
 133 161 159 150 107 101 101  98  94  72  50 106  65  92 151 169
 133 160 123  81  51  48  46  46  46  45  46 114  82  49  69 154
 135 157 132  93  50  48  49  45  46  45  46 124  74  53 102 164
 138 159 161 150 124 120 121 121 122  95  55  78  72 124 162 172
 140 161 165 153  97  89  89  91  94 124 122  97 143 159 165 171
 139 162 165 139  53  48  48  48  48  82 149 156 159 162 166 168
 141 165 166 128  51  47  47  54 102 149 163 165 162 162 164 165
 144 163 165 142  75  50  50  69 124 165 166 166 166 164 163 160
 147 166 164 164 147 113 106 111 138 165 168 168 167 166 166 162

