  77 105 103 104 104 110 110 114 114 110 111 110 109  91  86 110
  80 106 114 112 111 114 115 118 117 118 116 116  87  45  45 100
  80 107 112 109 110 111 115 120 117 115  96  55  39  36  36  53
  71 106 108 107 106 112 109 112  95  62  36  36  36  36  38  51
  81 107 107 107 105 105  92  59  37  35  34  36  36  54  99 113
  78 105 104 106  94  63  40  33  36  36  34  39  82 109 115 116
  72 100  93  67  42  36  32  34  35  34  34  95 117 118 118 117
  75  72  40  34  31  31  31  30  28  35  29  89 117 118 116 115
  79  33  34  31  31  28  28  28  30  32  52 104 113 117 119 118
  74  36  33  28  31  29  28  27  31  48  95 106 111 111 118 120
  76  40  36  33  39  33  28  42  42  35  83 105 110 113 113 113
  80  97  94  93  90  51  32  65  55  36  72 103 112 118 119 115
  77 102 106 104  94  40  29  33  33  36  92 101 107 114 113 116
  85 104 105  99  41  32  71  59  63  89 101 105 109 110 113 111
  84 102 102  60  31  77 102 101  97 103 103 105 109 105 114 109
  79  91  91  41  54  94  92  89  89  91  90  92  96  95  97  99
  87 127 127 131 130 134 133 137 139 142 141 139 140 112 105 138
  92 128 131 132 134 134 136 138 141 143 145 144 110  49  43 118
  89 126 129 132 133 132 135 139 140 142 118  62  37  35  34  61
  81 121 126 128 127 128 131 132 110  63  36  35  35  35  38  59
  88 122 124 125 122 123 106  64  33  34  35  34  37  63 123 139
  87 119 121 121 107  62  33  30  30  30  33  42 101 139 143 146
  82 120 111  72  35  28  27  27  27  28  34 116 141 143 146 147
  87  83  37  26  26  26  27  26  26  28  25 104 139 143 145 146
  91  26  25  25  25  26  26  26  26  28  56 122 138 143 145 146
  92  34  24  24  23  26  24  25  26  49 116 125 132 140 144 145
  90  46  36  29  36  26  26  45  45  31  95 123 131 136 142 145
  94 117 112 116 112  61  27  72  63  29  82 122 128 135 139 143
  90 121 123 121 113  37  27  26  26  31 106 123 130 135 139 140
  99 122 122 120  47  31  86  70  71 103 119 123 127 132 138 140
  98 120 120  66  25  86 118 117 116 118 120 123 125 130 134 140
  93 110 108  41  61 105 104 106 107 104 107 111 113 113 116 120
 108 152 154 160 160 166 167 173 175 176 176 174 172 139 130 168
 111 153 160 164 165 168 170 175 179 181 183 175 137  71  63 144
 107 150 157 160 163 164 167 171 174 174 143  86  57  52  51  80
  99 146 153 154 155 155 159 158 135  86  54  52  52  53  62  86
 104 144 148 150 148 144 126  82  49  49  50  51  55  88 152 174
 103 143 143 143 126  82  48  41  41  44  48  64 128 170 180 182
  99 138 128  87  48  40  40  38  38  39  49 136 173 179 183 184
 100 101  52  39  38  37  37  38  37  38  40 128 173 180 183 185
 102  40  37  37  38  34  35  35  36  40  73 143 166 177 180 184
  99  48  39  35  36  35  35  35  37  59 129 149 164 171 179 183
 100  60  49  44  51  39  37  57  55  42 107 145 157 168 175 178
 106 131 129 130 126  67  37  80  72  41  96 144 156 167 171 174
 105 141 143 142 126  50  35  37  39  46 120 143 153 162 169 174
 112 142 144 134  60  42  96  83  84 118 138 143 147 156 167 169
 111 139 140  79  38  99 135 134 135 138 138 142 145 151 162 165
 102 124 122  53  69 117 117 118 119 120 120 124 126 129 133 140

 110 100  53  51 113 116 117 115 118 120 113 115 116 111 109  99
  86  45  36  38  99 115 118 116 119 118 113 119 113 113 114  97
  91  45  36  36  54 109 118 118 117 111 113 118 114 110 105  95
 109  87  39  36  36  82 117 117 113 111 110 112 107 109 109  96
 110 116  55  36  36  39  95  89 104 106 105 103 101 105 105  92
 111 116  96  36  34  34  34  29  52  95  83  72  92 101 103  90
 110 118 115  62  35  36  34  35  32  48  35  36  36  89 103  91
 114 117 117  95  37  36  35  28  30  31  42  55  33  63  97  89
 114 118 120 112  59  33  34  30  28  27  42  65  33  59 101  89
 110 115 115 109  92  40  32  31  28  28  28  32  29  71 102  92
 110 114 111 112 105  63  36  31  28  29  33  51  40  32  77  94
 104 111 110 106 105  94  42  31  31  31  39  90  94  41  31  54
 104 112 109 107 107 106  67  34  31  28  33  93 104  99  60  41
 103 114 112 108 107 104  93  40  34  33  36  94 106 105 102  91
 105 106 107 106 107 105 100  72  33  36  40  97 102 104 102  91
  77  80  80  71  81  78  72  75  79  74  76  80  77  85  84  79
 138 118  61  59 139 146 147 146 146 145 145 143 140 140 140 120
 105  43  34  38 123 143 146 145 145 144 142 139 139 138 134 116
 112  49  35  35  63 139 143 143 143 140 136 135 135 132 130 113
 140 110  37  35  37 101 141 139 138 132 131 128 130 127 125 113
 139 144  62  35  34  42 116 104 122 125 123 122 123 123 123 111
 141 145 118  36  35  33  34  25  56 116  95  82 106 119 120 107
 142 143 142  63  34  30  28  28  28  49  31  29  31 103 118 104
 139 141 140 110  33  30  27  26  26  26  45  63  26  71 116 107
 137 138 139 132  64  30  27  26  26  25  45  72  26  70 117 106
 133 136 135 131 106  33  27  27  26  24  26  27  27  86 118 104
 134 134 132 128 123  62  28  26  26  26  26  61  37  31  86 105
 130 134 133 127 122 107  35  26  25  23  36 112 113  47  25  61
 131 132 132 128 125 121  72  26  25  24  29 116 121 120  66  41
 127 131 129 126 124 121 111  37  25  24  36 112 123 122 120 108
 127 128 126 121 122 119 120  83  26  34  46 117 121 122 120 110
  87  92  89  81  88  87  82  87  91  92  90  94  90  99  98  93
 168 144  80  86 174 182 184 185 184 183 178 174 174 169 165 140
 130  63  51  62 152 180 183 183 180 179 175 171 169 167 162 133
 139  71  52  53  88 170 179 180 177 171 168 167 162 156 151 129
 172 137  57  52  55 128 173 173 166 164 157 156 153 147 145 126
 174 175  86  52  51  64 136 128 143 149 145 144 143 143 142 124
 176 183 143  54  50  48  49  40  73 129 107  96 120 138 138 120
 176 181 174  86  49  44  39  38  40  59  42  41  46 118 138 120
 175 179 174 135  49  41  38  37  36  37  55  72  39  84 135 119
 173 175 171 158  82  41  38  38  35  35  57  80  37  83 134 118
 167 170 167 159 126  48  40  37  35  35  37  37  35  96 135 117
 166 168 164 155 144  82  40  37  34  35  39  67  50  42  99 117
 160 165 163 155 148 126  48  38  38  36  51 126 126  60  38  69
 160 164 160 154 150 143  87  39  37  35  44 130 142 134  79  53
 154 160 157 153 148 143 128  52  37  39  49 129 143 144 140 122
 152 153 150 146 144 143 138 101  40  48  60 131 141 142 139 124
 108 111 107  99 104 103  99 100 102  99 100 106 105 112 111 102

  99  97  95  96  92  90  91  89  89  92  94  54  41  91  91  79
 109 114 105 109 105 103 103  97 101 102  77  31  60 102 102  84
 111 113 110 109 105 101  89  63  59  71  32  41  99 105 104  85
 116 113 114 107 101  92  36  33  33  29  40  94 104 106 102  77
 115 119 118 112 103  72  36  55  65  32  51  90  93  94  97  80
 113 113 113 110 105  83  35  42  42  28  33  39  33  36  40  76
 120 118 111 111 106  95  48  31  27  28  29  31  28  33  36  74
 118 119 117 113 104  52  32  30  28  28  28  31  31  34  33  79
 115 116 118 117  89  29  35  28  30  31  31  31  34  40  72  75
 117 118 118 117  95  34  34  35  34  32  36  42  67  93 100  72
 116 115 109  82  39  34  36  36  33  40  63  94 106 104 105  78
 113  99  54  36  36  34  35  37  59  92 105 105 107 107 107  81
  51  38  36  36  36  36  62  95 112 109 112 106 107 108 106  71
  53  36  36  39  55  96 115 117 120 115 111 110 109 112 107  80
 100  45  45  87 116 116 118 117 118 115 114 111 112 114 106  80
 110  86  91 109 110 111 110 114 114 110 110 104 104 103 105  77
 120 116 113 113 111 107 104 107 106 104 105  61  41 108 110  93
 140 134 130 125 123 120 118 116 117 118  86  25  66 120 120  98
 140 138 132 127 123 119 103  71  70  86  31  47 120 122 122  99
 140 139 135 130 123 106  31  26  26  27  37 113 121 123 121  90
 143 139 135 128 122  82  29  63  72  27  61 112 116 112 117  94
 145 142 136 131 123  95  31  45  45  26  26  36  29  36  46  90
 145 144 140 132 125 116  49  26  25  24  26  23  24  24  34  92
 146 145 143 138 122  56  28  26  26  26  26  25  25  25  26  91
 146 145 143 139 104  25  28  26  26  27  26  26  26  37  83  87
 147 146 143 141 116  34  28  27  27  27  28  35  72 111 120  82
 146 143 139 101  42  33  30  30  30  33  62 107 121 121 119  87
 139 123  63  37  34  35  34  33  64 106 123 122 125 124 122  88
  59  38  35  35  35  36  63 110 132 131 128 127 128 126 121  81
  61  34  35  37  62 118 142 140 139 135 132 133 132 129 126  89
 118  43  49 110 144 145 143 141 138 136 134 134 132 131 128  92
 138 105 112 140 139 141 142 139 137 133 134 130 131 127 127  87
 140 133 129 126 124 120 120 119 118 117 117  69  53 122 124 102
 165 162 151 145 142 138 138 135 134 135  99  38  79 140 139 111
 169 167 156 147 143 138 118  84  83  96  42  60 134 144 142 112
 174 169 162 153 143 120  46  39  37  35  50 126 142 143 141 105
 174 171 167 156 144  96  41  72  80  37  67 126 130 129 131 106
 178 175 168 157 145 107  42  55  57  37  39  51  44  49  60 100
 183 179 171 164 149 129  59  37  35  35  35  36  35  39  48  99
 184 180 177 166 143  73  40  36  35  35  34  38  37  37  40 102
 185 183 180 173 128  40  38  37  38  37  37  38  39  52 101 100
 184 183 179 173 136  49  39  38  38  40  40  48  87 128 138  99
 182 180 170 128  64  48  44  41  41  48  82 126 143 143 143 103
 174 152  88  55  51  50  49  49  82 126 144 148 150 148 144 104
  86  62  53  52  52  54  86 135 158 159 155 155 154 153 146  99
  80  51  52  57  86 143 174 174 171 167 164 163 160 157 150 107
 144  63  71 137 175 183 181 179 175 170 168 165 164 160 153 111
 168 130 139 172 174 176 176 175 173 167 166 160 160 154 152 108

  79  84  85  77  80  76  74  79  75  72  78  81  71  80  80  77
  91 102 104 102  97  40  36  33  72 100 105 107 106 107 106 105
  91 102 105 106  94  36  33  34  40  93 104 107 108 112 114 103
  41  60  99 104  93  33  28  31  34  67 106 107 107 109 112 104
  54  31  41  94  90  39  31  31  31  42  94 105 106 110 111 104
  94  77  32  40  51  33  29  28  31  36  63 105 112 111 114 110
  92 102  71  29  32  28  28  28  31  32  40  92 109 115 115 110
  89 101  59  33  65  42  27  28  30  34  33  59 112 120 118 114
  89  97  63  33  55  42  31  30  28  35  36  37  95 117 117 114
  91 103  89  36  36  35  48  32  35  34  36  35  62 115 118 110
  90 103 101  92  72  83  95  52  29  34  34  34  36  96 116 111
  92 105 105 101 103 105 106 104  89  95  39  36  36  55 116 110
  96 109 109 107 112 110 111 113 117 117  82  36  36  39  87 109
  95 105 110 114 118 113 111 117 118 118 109  54  36  36  45  91
  97 114 113 113 119 113 118 119 116 118 115  99  38  36  45  86
  99 109 111 116 115 113 120 118 115 117 116 113  51  53 100 110
  93  98  99  90  94  90  92  91  87  82  87  88  81  89  92  87
 110 120 122 121 117  46  34  26  83 120 119 122 121 126 128 127
 108 120 122 123 112  36  24  25  37 111 121 124 126 129 131 127
  41  66 120 121 116  29  24  25  26  72 121 125 128 132 132 131
  61  25  47 113 112  36  23  25  26  35 107 122 127 133 134 130
 105  86  31  37  61  26  26  26  26  28  62 123 128 132 134 134
 104 118  86  27  27  26  24  26  27  27  33 106 131 135 136 133
 106 117  70  26  72  45  25  26  26  27  30  64 132 139 138 137
 107 116  71  26  63  45  26  26  26  27  30  33 110 140 141 139
 104 118 103  31  29  31  49  28  28  28  30  34  63 142 143 142
 107 120 119 106  82  95 116  56  25  34  33  35  36 118 145 141
 111 123 123 123 122 123 125 122 104 116  42  34  35  62 144 139
 113 125 127 130 128 131 132 138 139 141 101  37  35  37 110 140
 113 130 132 135 135 136 140 143 143 143 139  63  35  35  49 112
 116 134 138 139 139 142 144 145 145 146 143 123  38  34  43 105
 120 140 140 140 143 145 145 146 146 147 146 139  59  61 118 138
 102 111 112 105 106 100  99 102 100  99 103 104  99 107 111 108
 124 139 142 141 131  60  48  40 101 138 143 144 146 150 153 152
 122 140 144 143 129  49  39  37  52 128 143 148 153 157 160 154
  53  79 134 142 130  44  35  37  39  87 143 150 154 160 164 160
  69  38  60 126 126  51  36  38  38  48 126 148 155 163 165 160
 117  99  42  50  67  39  35  34  37  40  82 144 155 164 168 166
 117 135  96  35  37  37  35  35  37  40  48 126 159 167 170 167
 118 134  83  37  80  57  35  35  38  38  41  82 158 171 175 173
 119 135  84  39  72  55  37  36  37  38  41  49 135 174 179 175
 120 138 118  46  41  42  59  40  38  39  44  49  86 174 181 176
 120 138 138 120  96 107 129  73  40  49  48  50  54 143 183 176
 124 142 143 143 144 145 149 143 128 136  64  51  52  86 175 174
 126 145 147 153 156 157 164 166 173 173 128  55  52  57 137 172
 129 151 156 162 167 168 171 177 180 179 170  88  53  52  71 139
 133 162 167 169 171 175 179 180 183 183 180 152  62  51  63 130
 140 165 169 174 174 178 183 184 185 184 182 174  86  80 144 168

