 130 144 142 143 138 146 155 153 152 155 153 153 151 151 156 160
 142 147 151 155 158 160 160 157 162 168 156 162 168 162 168 161
 141 148 147 153 152 157 157 156 153 155 152 164 169 164 164 168
 144 150 131  91  96 103  99  98 100 100 108 110 120 117 161 167
 146 152 128  59  63  64  64  61  61  64  66  68  74  76 147 157
 145 148 125  61  58  60  66  62  63  70  67  62  66  74 142 162
 143 149 121  61  57  63  64  66  71  67  69  59  63  66 140 161
 148 152 123  63  62  68 117 153 150 158 151 142 158 154 164 171
 146 151 126  68  57  66 118 161 170 172 168 170 170 172 172 164
 145 150 124  67  63  64 130 166 173 164 167 172 171 174 170 166
 149 161 125  63  56  64 124 166 169 173 172 171 168 177 165 163
 150 155 114  70  63  71 129 171 169 170 171 175 176 174 169 162
 153 157 158 147 146 148 161 175 181 177 176 175 172 176 167 169
 147 156 163 165 165 171 171 170 175 175 179 176 177 172 168 158
 150 155 156 169 170 168 171 176 172 172 173 174 171 173 172 165
 132 146 155 146 153 164 160 168 167 155 169 170 158 169 162 153
 133 140 141 142 143 144 144 148 152 147 154 151 154 159 156 156
 133 139 141 140 141 143 142 147 149 147 151 154 154 157 155 148
 133 138 142 140 143 146 145 149 150 150 150 148 152 158 155 154
 134 137 120  77  80  86  78  92  93  92  97  91 103  97 138 153
 129 134 114  47  46  45  44  48  48  50  50  51  51  54 135 151
 131 136 115  47  47  46  44  46  47  48  49  50  49  52 124 156
 138 137 109  45  45  47  51  51  49  47  50  47  46  44 128 152
 131 136 116  46  45  46 104 148 141 147 144 139 156 145 152 160
 132 138 110  45  47  49 104 150 149 154 153 154 155 161 159 155
 130 138 108  46  44  45 114 152 151 154 155 154 156 157 158 155
 132 135 110  44  42  41 110 152 154 153 154 156 158 157 155 155
 135 139 103  41  38  48 113 154 154 156 155 158 158 158 156 153
 135 139 136 129 140 135 143 152 154 157 156 157 158 159 160 157
 133 138 141 145 145 147 150 156 155 158 156 157 157 157 155 146
 131 140 142 141 145 148 150 154 153 155 155 154 154 156 154 152
 121 130 135 133 140 142 142 147 156 148 153 152 145 151 154 147
 136 146 147 152 147 148 149 153 154 155 155 156 158 161 159 161
 136 143 147 148 148 149 153 156 157 158 156 157 162 162 164 156
 135 142 146 146 145 151 149 148 152 153 152 156 156 159 162 162
 139 143 126  84  84  91  79  91  93  92  99  98 109 101 145 160
 136 141 121  54  51  54  56  56  54  54  57  56  61  63 138 155
 137 142 121  55  52  53  57  58  57  58  57  57  60  63 135 163
 142 142 114  51  51  52  59  64  64  59  65  61  62  59 135 158
 140 143 117  54  55  55 113 155 152 154 151 148 159 151 158 163
 132 141 118  57  53  56 112 156 161 160 162 163 163 164 164 159
 134 145 115  51  49  52 118 156 160 162 162 166 164 167 165 161
 137 145 116  54  50  52 113 155 164 166 164 165 166 167 164 160
 139 144 110  59  52  63 120 160 167 166 167 166 166 167 166 156
 139 144 140 137 145 145 149 161 166 168 165 166 165 165 164 162
 137 146 147 148 153 157 158 161 164 166 168 168 165 161 165 155
 133 143 146 151 152 154 160 161 162 167 165 163 162 162 162 156
 121 128 136 133 141 144 141 146 149 145 153 153 148 155 154 145

 160 161 168 167 157 162 161 171 164 166 163 162 169 158 165 153
 156 168 164 161 147 142 140 164 172 170 165 169 167 168 172 162
 151 162 164 117  76  74  66 154 172 174 177 174 176 172 173 169
 151 168 169 120  74  66  63 158 170 171 168 176 172 177 171 158
 153 162 164 110  68  62  59 142 170 172 171 175 175 176 174 170
 153 156 152 108  66  67  69 151 168 167 172 171 176 179 173 169
 155 168 155 100  64  70  67 158 172 164 173 170 177 175 172 155
 152 162 153 100  61  63  71 150 170 173 169 169 181 175 172 167
 153 157 156  98  61  62  66 153 161 166 166 171 175 170 176 168
 155 160 157  99  64  66  64 117 118 130 124 129 161 171 171 160
 146 160 157 103  64  60  63  68  66  64  64  71 148 171 168 164
 138 158 152  96  63  58  57  62  57  63  56  63 146 165 170 153
 143 155 153  91  59  61  61  63  68  67  63  70 147 165 169 146
 142 151 147 131 128 125 121 123 126 124 125 114 158 163 156 155
 144 147 148 150 152 148 149 152 151 150 161 155 157 156 155 146
 130 142 141 144 146 145 143 148 146 145 149 150 153 147 150 132
 156 148 154 153 151 156 152 160 155 155 155 153 157 146 152 147
 156 155 155 138 135 124 128 152 159 158 155 156 160 155 154 154
 159 157 158  97  54  52  44 145 161 157 157 158 159 157 156 151
 154 154 152 103  51  49  46 156 155 156 158 158 158 157 154 145
 151 154 148  91  51  50  47 139 154 154 156 158 157 157 154 152
 154 151 150  97  50  49  50 144 153 155 154 155 156 156 155 153
 147 147 150  92  50  48  47 147 154 154 153 156 157 158 155 148
 152 149 150  93  48  47  49 141 149 151 154 154 154 155 153 156
 148 147 149  92  48  46  51 148 150 152 152 154 152 156 154 147
 144 142 145  78  44  44  51 104 104 114 110 113 143 150 150 142
 144 143 146  86  45  46  47  46  49  45  41  48 135 147 148 142
 143 141 143  80  46  47  45  45  47  44  42  38 140 145 145 140
 142 140 140  77  47  47  45  46  45  46  44  41 129 145 141 133
 141 141 142 120 114 115 109 116 110 108 110 103 136 141 142 135
 140 139 138 137 134 136 137 136 138 138 135 139 139 138 140 130
 133 133 133 134 129 131 138 131 132 130 132 135 135 133 131 121
 161 156 162 160 155 163 158 163 159 161 160 156 162 155 156 145
 159 164 162 145 138 135 135 158 164 165 164 166 164 165 162 154
 161 162 159 101  63  63  59 151 164 167 167 167 165 161 162 155
 158 162 156 109  61  60  62 159 163 164 166 166 165 165 162 148
 156 157 156  98  56  57  61 148 163 166 165 166 166 168 163 153
 155 156 152  99  57  57  65 151 162 162 164 167 165 168 165 153
 155 158 153  92  54  58  59 154 160 162 166 166 168 166 167 145
 154 157 152  93  54  57  64 152 161 160 164 167 166 164 162 149
 153 156 148  91  56  58  64 155 156 156 155 160 161 161 161 146
 149 153 149  79  56  57  59 113 112 118 113 120 149 158 160 141
 148 149 151  91  54  53  52  55  56  52  52  63 145 157 154 144
 147 148 145  84  51  52  51  55  53  49  50  52 145 153 152 141
 152 148 146  84  54  55  51  54  57  51  54  59 137 148 151 133
 147 147 146 126 121 121 114 117 118 115 116 110 140 147 146 136
 146 143 142 143 141 142 142 143 141 145 145 144 144 146 143 128
 136 136 135 139 136 137 142 140 132 134 137 139 139 137 133 121

 153 162 169 158 170 169 155 167 168 160 164 153 146 155 146 132
 165 172 173 171 174 173 172 172 176 171 168 170 169 156 155 150
 158 168 172 177 176 179 175 175 170 171 171 165 165 163 156 147
 169 167 176 172 175 176 177 181 175 161 148 146 147 158 157 153
 162 169 174 176 175 171 170 169 171 129  71  63  70 114 155 150
 163 165 177 168 171 172 173 169 166 124  64  56  63 125 161 149
 166 170 174 171 172 167 164 173 166 130  64  63  67 124 150 145
 164 172 172 170 170 168 172 170 161 118  66  57  68 126 151 146
 171 164 154 158 142 151 158 150 153 117  68  62  63 123 152 148
 161 140  66  63  59  69  67  71  66  64  63  57  61 121 149 143
 162 142  74  66  62  67  70  63  62  66  60  58  61 125 148 145
 157 147  76  74  68  66  64  61  61  64  64  63  59 128 152 146
 167 161 117 120 110 108 100 100  98  99 103  96  91 131 150 144
 168 164 164 169 164 152 155 153 156 157 157 152 153 147 148 141
 161 168 162 168 162 156 168 162 157 160 160 158 155 151 147 142
 160 156 151 151 153 153 155 152 153 155 146 138 143 142 144 130
 147 154 151 145 152 153 148 156 147 142 142 140 133 135 130 121
 152 154 156 154 154 155 155 153 154 150 148 145 141 142 140 131
 146 155 157 157 157 156 158 155 156 150 147 145 145 141 138 133
 157 160 159 158 157 156 157 154 152 143 135 140 129 136 139 135
 153 156 158 158 158 155 156 154 154 113  48  38  41 103 139 135
 155 155 157 158 156 154 153 154 152 110  41  42  44 110 135 132
 155 158 157 156 154 155 154 151 152 114  45  44  46 108 138 130
 155 159 161 155 154 153 154 149 150 104  49  47  45 110 138 132
 160 152 145 156 139 144 147 141 148 104  46  45  46 116 136 131
 152 128  44  46  47  50  47  49  51  51  47  45  45 109 137 138
 156 124  52  49  50  49  48  47  46  44  46  47  47 115 136 131
 151 135  54  51  51  50  50  48  48  44  45  46  47 114 134 129
 153 138  97 103  91  97  92  93  92  78  86  80  77 120 137 134
 154 155 158 152 148 150 150 150 149 145 146 143 140 142 138 133
 148 155 157 154 154 151 147 149 147 142 143 141 140 141 139 133
 156 156 159 154 151 154 147 152 148 144 144 143 142 141 140 133
 145 154 155 148 153 153 145 149 146 141 144 141 133 136 128 121
 156 162 162 162 163 165 167 162 161 160 154 152 151 146 143 133
 155 165 161 165 168 168 166 164 161 158 157 153 148 147 146 137
 162 164 165 165 166 165 168 166 161 149 145 145 137 140 144 139
 156 166 167 166 166 167 166 167 160 120  63  52  59 110 144 139
 160 164 167 166 165 164 166 164 155 113  52  50  54 116 145 137
 161 165 167 164 166 162 162 160 156 118  52  49  51 115 145 134
 159 164 164 163 163 162 160 161 156 112  56  53  57 118 141 132
 163 158 151 159 148 151 154 152 155 113  55  55  54 117 143 140
 158 135  59  62  61  65  59  64  64  59  52  51  51 114 142 142
 163 135  63  60  57  57  58  57  58  57  53  52  55 121 142 137
 155 138  63  61  56  57  54  54  56  56  54  51  54 121 141 136
 160 145 101 109  98  99  92  93  91  79  91  84  84 126 143 139
 162 162 159 156 156 152 153 152 148 149 151 145 146 146 142 135
 156 164 162 162 157 156 158 157 156 153 149 148 148 147 143 136
 161 159 161 158 156 155 155 154 153 149 148 147 152 147 146 136

 132 150 147 153 150 149 145 146 148 143 145 146 144 141 142 130
 146 155 156 157 155 161 150 151 152 149 148 152 150 148 147 144
 155 156 163 158 114 125 124 126 123 121 125 128 131 147 151 142
 146 169 165 147  70  63  67  68  63  61  61  59  91 153 155 143
 153 170 165 146  63  56  63  57  62  57  58  63  96 152 158 138
 164 168 171 148  71  64  64  66  68  63  60  64 103 157 160 146
 160 171 171 161 129 124 130 118 117  64  66  64  99 157 160 155
 168 176 170 175 171 166 166 161 153  66  62  61  98 156 157 153
 167 172 175 181 169 169 173 170 150  71  63  61 100 153 162 152
 155 172 175 177 170 173 164 172 158  67  70  64 100 155 168 155
 169 173 179 176 171 172 167 168 151  69  67  66 108 152 156 153
 170 174 176 175 175 171 172 170 142  59  62  68 110 164 162 153
 158 171 177 172 176 168 171 170 158  63  66  74 120 169 168 151
 169 173 172 176 174 177 174 172 154  66  74  76 117 164 162 151
 162 172 168 167 169 165 170 172 164 140 142 147 161 164 168 156
 153 165 158 169 162 163 166 164 171 161 162 157 167 168 161 160
 121 131 133 135 135 132 130 132 131 138 131 129 134 133 133 133
 130 140 138 139 139 135 138 138 136 137 136 134 137 138 139 140
 135 142 141 136 103 110 108 110 116 109 115 114 120 142 141 141
 133 141 145 129  41  44  46  45  46  45  47  47  77 140 140 142
 140 145 145 140  38  42  44  47  45  45  47  46  80 143 141 143
 142 148 147 135  48  41  45  49  46  47  46  45  86 146 143 144
 142 150 150 143 113 110 114 104 104  51  44  44  78 145 142 144
 147 154 156 152 154 152 152 150 148  51  46  48  92 149 147 148
 156 153 155 154 154 154 151 149 141  49  47  48  93 150 149 152
 148 155 158 157 156 153 154 154 147  47  48  50  92 150 147 147
 153 155 156 156 155 154 155 153 144  50  49  50  97 150 151 154
 152 154 157 157 158 156 154 154 139  47  50  51  91 148 154 151
 145 154 157 158 158 158 156 155 156  46  49  51 103 152 154 154
 151 156 157 159 158 157 157 161 145  44  52  54  97 158 157 159
 154 154 155 160 156 155 158 159 152 128 124 135 138 155 155 156
 147 152 146 157 153 155 155 155 160 152 156 151 153 154 148 156
 121 133 137 139 139 137 134 132 140 142 137 136 139 135 136 136
 128 143 146 144 144 145 145 141 143 142 142 141 143 142 143 146
 136 146 147 140 110 116 115 118 117 114 121 121 126 146 147 147
 133 151 148 137  59  54  51  57  54  51  55  54  84 146 148 152
 141 152 153 145  52  50  49  53  55  51  52  51  84 145 148 147
 144 154 157 145  63  52  52  56  55  52  53  54  91 151 149 148
 141 160 158 149 120 113 118 112 113  59  57  56  79 149 153 149
 146 161 161 161 160 155 156 156 155  64  58  56  91 148 156 153
 149 162 164 166 167 164 160 161 152  64  57  54  93 152 157 154
 145 167 166 168 166 166 162 160 154  59  58  54  92 153 158 155
 153 165 168 165 167 164 162 162 151  65  57  57  99 152 156 155
 153 163 168 166 166 165 166 163 148  61  57  56  98 156 157 156
 148 162 165 165 166 166 164 163 159  62  60  61 109 156 162 158
 155 162 161 165 167 167 167 164 151  59  63  63 101 159 162 161
 154 162 165 164 166 164 165 164 158 135 135 138 145 162 164 159
 145 156 155 162 156 160 161 159 163 158 163 155 160 162 156 161

